22
27
32
23
28
20
31
26
29
20
27
28
23
30
36
28
29
33
37
25
30
39
36
23
37
33
26
25
31
21
37
28
35
37
35
33
24
38
32
25
24
38
36
40
34
22
38
40
26
37
38
34
38
27
23
36
21
40
25
35
38
31
24
20
31
28
27
32
36
40
23
22
25
24
25
38
30
30
28
23
29
25
24
22
34
36
32
39
34
36
25
23
38
24
24
39
29
25
23
24
33
20
28
29
38
23
24
35
39
30
40
39
36
28
27
34
31
31
34
29
31
21
26
30
33
36
27
40
27
23
36
33
33
36
21
28
26
33
26
21
37
24
38
40
21
29
22
30
28
21
29
32
23
32
30
35
32
30
33
28
35
34
21
20
37
27
28
27
26
25
22
23
23
33
38
23
33
24
25
31
29
37
27
40
34
35
40
35
27
31
32
36
20
20
34
25
32
36
26
23
