29999546
22880832
24735543
28705004
28235447
23929252
28824596
27918090
28124956
27038045
24130462
21781149
28654038
27518454
21393019
27242074
28893606
25876261
28015237
26295621
27281439
25012849
21724763
28219979
21375498
27014874
23803044
27398459
22199504
22502423
26517589
25895964
29168597
25161004
22944420
23700355
28907966
21207049
29776766
26507129
28587968
27955638
24491313
26868235
23033298
25990412
28907908
26928501
21871780
25691366
22025391
26327030
21459223
23236427
26074573
27832294
25459308
22878421
29048380
24837991
23407381
21103125
22183658
22096207
29597424
23233473
21756367
23738306
22362105
22148024
21433215
26053428
26928392
24543539
29826311
28457750
25090980
23067603
29125901
21980638
23496363
23607851
23841923
26693436
21766154
22680211
28322514
27248765
22581601
23410495
29733633
29734571
25504202
27636716
24754100
25859050
23179059
26314555
29827602
25652258
23047402
21735564
25732249
29646092
28064605
26872748
26039977
21121756
22286055
26937562
23215840
23867667
26087919
28994296
25199676
26945739
27448901
25478829
28199602
21565883
23814449
28048833
28434025
21824214
21565857
29992210
24879104
26908393
21060289
27685198
24933733
29529229
26485847
29698726
23861997
21932127
23621795
22685300
21151938
21914533
23384576
21195596
25542556
25147020
27678536
24588418
29593506
21812322
21108201
24592916
24789992
23923950
27952990
28791838
27647887
22764088
25076593
28141677
22112615
22752369
29488073
26494730
26407638
24068135
22164809
26478801
26152176
23893029
29789541
22178607
22068165
24261437
29370096
25175874
22971510
24981882
26186847
29228418
23910148
24825293
29211510
21897561
28661067
23474856
23639307
21130275
29688220
23919324
25606111
23039533
27809856
26820281
28608395
27956923
21087139
28303277
23870261
24226836
25016026
