820400518274
290310014314
558934266559
587948291535
312224557473
367728569436
906409158155
953337219510
925866796830
346836717679
454073305713
487060732678
514987584791
154845125853
739255602428
279276630525
386881377323
243412726973
309848350208
382036728387
668329125112
523162704284
967118665100
707429974273
708890809993
284780188797
623539542390
361358010512
951523535849
133026960225
518146477515
123212013881
506637750004
927421607597
321585963344
214075528105
415323776829
169672572031
379519808355
408864778670
476300586855
302540431047
197574515584
437478617510
504817792168
931761928229
973826147873
344834884567
469176559659
511474083215
225882049066
856443218342
441048268429
423226725430
958543849650
301925890997
496346000660
738235032080
682917488092
351750949424
502797508044
842870834671
688686310077
138959138547
966944974210
489712621280
465051906545
317937150084
909499380631
826873718700
291554002264
823509800588
633948018331
469453528567
576610956942
970475019771
215519711435
579961349200
111380063527
864445139885
954819449783
332600872142
375259143646
402221505832
582765502686
156128733230
625847439734
600795394040
995320265990
498058141335
283769767033
621295953266
695178850957
815792510575
460121697649
191191226037
709211684843
278293969002
777878596716
499339892168
600981571008
703803617721
165766724307
903835308075
159038946615
350966816421
638423916631
546325134668
410694153588
433729675611
869882715410
469308306442
492016768798
863136388384
271758352947
833939959727
847836755546
338929022509
678539306896
228040675380
968064481642
993906535777
953615801238
982446542801
223597970116
260171269833
280002575707
792734480889
142258223464
779280653798
775019421801
740240638420
832435287002
281825443617
420682112501
735277953799
465872531450
146654161904
886719853275
436399242220
143639604959
283679446031
544974959711
994509405542
563209973865
916903399859
230227842158
439249327075
587561844349
266535324597
609580714414
559716920353
756351737639
851754089854
368333250863
864603194341
798797642157
922404478024
347503671884
500869292319
297041745710
114186617597
603589655779
869692530690
180423355789
945681455551
159068966452
443593940762
633141813268
554967833310
897720350076
765783200823
412158112983
311068461091
196784943010
701851588220
904806042139
699163648448
782676668922
580828630538
606812601741
505949441178
409184870530
865279689208
227898246224
293756313665
471371961737
187728483017
861783658681
287892044855
378406623527
817525824167
407817830482
750217763795
365058099353
579441720796
447499618737
161856782811
438106090827
369912251735
814398253856
988077697147
553064502903
437955701282
369177284920
471311533676
201268824278
120178625750
148506246144
242554988520
602628819004
182778507393
125028591945
181372958820
446962582781
937092254409
303186369227
189427269123
558976096750
164560163226
437329827546
658587806233
779645435829
232389634835
827060683035
636370236346
379484306626
252500671298
471468277665
862346473253
814009097329
404770074598
260136046714
977581869857
204100066502
577715971541
579306364141
245326831704
339546095407
586984514338
381031148567
239808694851
163800529317
522541488892
566689835790
490419642536
455372790522
192615021376
387974571058
127133343907
382576366707
569845858147
606905523095
809052332621
828393135110
984820620027
634925702950
427864245052
314080589627
300173793504
316770857241
209845046487
512075387592
298683925725
485636101486
414041841243
672019175194
866229105015
907068521999
810009866181
514510338856
815394156431
602244961118
279725730029
914837064993
268572620860
232320936266
595680824556
548909929749
196747518281
279946575472
120828895645
587570319020
396767629474
879540553618
818997644178
379941344343
756110407018
689787246737
322798805159
273511882639
755079382123
342099627605
897086208636
549280898850
688785213898
866147764589
439616958946
238186152629
906152338651
380774408286
685095891638
539345345242
608981470317
939200156702
648268202968
333825330924
622901060713
998041252351
386518898906
600581371997
726075480475
452257299574
289529322202
690557580251
919450787960
787011657814
626208050569
504171458108
836298522195
524377406697
997672979713
143182385932
707840592782
816456748602
303728322914
739909351478
856690959054
845355100392
716768759131
834970270950
402346302220
198615815641
570953010761
781646610708
995350065340
792386171464
764522450940
725084442884
584643796576
448410653347
963996191957
705315482728
449283181003
674930466989
778967637180
827758217252
991793264263
978594930938
842598099044
172163397731
989970560248
391987567153
375070440577
249819481897
663912512595
199582917613
783364682943
733880602839
926174082793
546623894149
710875480913
806411363071
849141712780
727602574527
629747005257
873786855204
478919964964
443112003781
844428571809
558168945566
705450855880
136227084503
204377211325
938653217468
835962650868
601903443400
258258553271
210646610278
423793823475
545877902327
761504223796
339402597789
976061906983
316091669848
951369148736
197664463403
432398330929
735013202405
624790718186
552499116170
954777212207
169002844527
410780016815
747908529919
190227460703
214418497390
901757027610
779103000464
585214615608
438170888467
837279469846
290393377048
904231802511
724301903182
303971676119
258406723915
664827595810
792116635939
125654700230
785569140153
752724234413
590407906579
124194859357
876399862603
166835387365
531394110748
597957491069
964686955378
200265790149
237502601597
879137952645
729411935982
327286490506
737888229934
695719116612
921149756073
241356527331
985493602737
751588460547
670813868963
195101900349
156788521423
285216744854
247053796759
405760357671
322919573161
729119813667
192345974730
781956753593
756452174897
287037628067
451524924468
719185901445
737044502117
882528769650
724391180704
297653166850
700005380186
986523504500
125102828397
262224515758
172220153230
885579698215
743786633088
829380601046
409596179152
666280468295
464705637743
552744310284
450187100594
277873727921
265331850163
443484759872
377284963752
138997426785
690518404106
161854124554
844770025482
732474512864
180299344704
885841001139
916957629691
214719775797
913022170254
138552466928
803041232366
526251828135
940615769123
661302619053
616602252147
914965774010
806542603995
576169084963
585216026484
781726402901
988201805855
395922065827
512162130936
149435332042
223176499194
509805496107
798211308804
922235709232
989384844505
913380207783
525941663586
754188219358
732134704106
139694862383
885842994509
490109572910
122996990764
827327918456
293431588497
431438038457
534868422692
455053169014
438096847881
810196020757
948809195471
143447123719
784934721792
118944151012
351128446847
202311197774
342047608676
156365373818
187540498415
949737101499
873093359449
910820969508
615182174871
762261718837
316898107146
364497247592
962148888539
769018519939
999337816586
111232791859
653844680149
322300790349
260689598063
482235986624
589269217886
435140188097
434520538940
371677351403
194842282724
611966175461
721520590708
193382148421
821024396819
852561047773
462672134141
813586785868
404514183995
715658672273
772700386089
600523127482
371931013662
359433448524
982059727703
760155057085
212202963909
227622739514
788170893276
567753542746
432873308428
867990596470
317551151727
255190764681
923166252293
868659171480
445613541377
152165236194
704369252885
931504647105
738801774934
792242986400
793986549786
692624635813
188480903612
479494699867
827910393865
784312389027
591695411712
358261856442
374447503006
189214139867
291122053040
435682468400
404523476923
459526212441
671694944954
171349921127
856929155079
273165014795
341621579016
790967691049
234795472865
417147505350
880585861361
325175014508
187826459013
185392256936
997662160609
501220287364
136824182374
468964070319
250848922312
833978215113
241753757436
882719633775
513351585362
267035363361
832805473994
714823307324
336917773986
366145761366
133267870659
324237515580
188361647826
440312350648
